$ANSIBLE_VAULT;1.1;AES256
32653133386336306463396134376264643930643735613964353163336438626466346635373439
6136373737353565613266363431643063323765353130640a303531366564626663373435633332
63373964313264393564306538363533616637303037613131356339643733303461666534656334
6630633863363638320a353466303935306536303339636261336437303032343761336136386630
31346232343438346230376430613036376139633261373562313965656137383063306666343630
34633063343662346431643833633037623036393838343263373465663539393865306635353737
32363738613166323163633830326565613630656431303763646266656230306337653638663936
32306633313532303133343837613031396261316432313066653636613539313138386530666637
32386331333962316166616161633339376630663538623034323038663031653038373938316463
39346632656139656634396261666439393332643037303263303438383266653263666532366636
36646131656663613662653031653866393139633532353236303739336438643738626534313531
34643830373761336436653465336334323533663666336637363235303236346431643032343566
63663836646161333734626138626132376534643831323764336231653935323635386461333965
35383235663733393034336435396163623631636266383263303634393936343764666532343738
33666263383163633264656337646135393439303361623962346233616636323236373033633763
36646635616230366331646639656266363330646366646532613131303461343338303938353530
37333933306161666536343165663634303665333230666432316437373631313834636135353132
6637363965386332386238633334656134363663363730623635
