$ANSIBLE_VAULT;1.1;AES256
34393163633530333562383236643034323163343866333262326433623964323834363334623437
6132323738386462376133653133653931656438663232340a376466666332633861343730303766
38633333386231373734306138353834353636303066366639653233613535386339653135306530
3332393862323064300a643865353336363163636434633966313730356435656639643964626464
65316330316431313936636632386233353036386537643564306631656163383966393230373663
35383061383836613631363063326465323939653137663263663964353934303535633266353831
33373336663164646566303839333131656337316639626461663163623635613263333432306165
35303334616536613162383238363964306263626362663830633664363537313365343731633431
65353632376431613930653138363161643737623238343361383161623364643362393639393734
38663864373861643334663261663864393836386162653438653261366564643031616133343330
61393264646134316138306633313064356261656166363235356265353738636663323933303337
64653830316538653061353236303432393339343262303538353732626137376363383765313061
30383836346565343134343363373861383265653636616132356632303961646266353635663164
37363164343166363561383165626538316265656537333538666361353462643531356233323866
646436316431303332623261323133323036
